
https://weather.rambler.ru
//условие если изменилось местоположение
/*  if(((oldlat[i]!=lat[i])&&(oldlon[i]!=lon[i]))||((oldlat[i]!=0)&&(oldlon[i]!=0))){
  function move() {
    var coefic1=lat[i]/oldlat[i];
    var coefic2=lon[i]/oldlon[i];
      if (marker.getLatLng().lat<nlat||marker.getLatLng().lng<nlon) {
        var newLat = marker.getLatLng().lat + increment,
            newLng = marker.getLatLng().lng + increment;
        marker.setLatLng([newLat, newLng]);
      }
  }

  setInterval(move, 100);
}
//запоминаем старое место положение
oldlat[i]=lat[i];
oldlon[i]=lon[i];*


//var timerId = setInterval(function() {
//ajaxGet();
//}, 3000);
// через 5 сек остановить повторы
//setTimeout(function() {
//clearInterval(timerId);
//}, 10000)
1Т[47,87,105,106,108,111,113,116,117,119,144,142,141,146,143,145,120,115,114,112,110,109,107,88,86,102,81,83,85,47]
3Т[47,79,77,75,73,71,246,65,9,7,5,59,57,53,51,49,46,46,49,52,56,58,60,753,62,2,4,6,8,64,246,72,74,81,83,85,47]
4Т[2,4,6,8,10,13,15,17,18,20,700,1,1,699,16,14,12,11,9,7,5,2]
7Т[26,27,124,120,118,115,114,112,110,109,107,88,86,102,79,77,75,73,71,246,65,9,7,5,2,2,4,6,8,64,247,72,74,87,105,106,108,111,113,116,117,119,121,123,125,30,27,26]
8Т[100,93,131,132,133,88,86,102,79,77,75,73,71,246,65,9,7,2,2,4,6,8,64,290,247,72,74,87,98,99,100]
10Т[72,74,75,77,87,105,106,108,111,113,116,117,119,121,123,125,31,34,35,37,41,44,45,24,127,42,40,38,36,33,32,124,122,120,118,115,114,112,110,109,107,88,86,102,79,77,75,73,71]
1тр[14,17,19,21,23,25,27,29,31,35,36,6,1,3,39,41,42,44,46,48,50,52,52,51,49,47,45,43,40,38,4,2,5,37,34,53,7,10,12,16,13]
3тр[14,15,11,9,8,54,33,31,30,28,26,24,22,20,18,14]
4тр[71,73,74,76,78,80,82,84,86,89,91,92,70,34,34,32,90,88,87,85,83,81,79,77,75,72,71]
5тр[14,17,57,51,61,63,65,67,69,56,56,68,66,64,62,60,59,19,21,23,25,27,29,31,70,53,7,10,12,16,13]
6тр[56,68,66,64,62,60,59,18,14,15,11,9,8,54,33,32,30,28,26,24,22,20,57,58,61,63,65,67,69,56]
8А[300,336,334,332,330,301,328,50,52,54,56,58,60,325,280,229,281,3,158,159,160,161,256,254,252,250,299,299,370,43,249,251,253,255,225,226,150,151,63,61,59,57,55,53,51,49,46,327,302,329,331,333,335,300]
27А[442,241,59,57,422,423,425,426,428,429,431,431,430,427,424,56,58,60,325,280,442]
2А[130,96,100,91,90,90,88,86,102,79,77,75,73,71,246,65,157,152,152,8,64,290,247,72,74,76,78,87,89,99,100,248,126,96,95,94]
9А[324,241,59,311,313,315,317,319,321,323,323,322,320,318,316,314,312,56,58,60,325,280,324]
